[?25l[0m                       [38;2;55;55;53m┎[7m[38;2;60;62;61m⠋[0m[38;2;28;27;29;48;2;57;57;58m⠁[38;2;57;58;56;48;2;47;47;47m⡋[0m[7m[38;2;37;37;37m⢀[0m[38;2;54;54;55m┛[0m         [0m
                    [38;2;49;46;46m⡀[38;2;72;71;72m┎[7m[38;2;64;63;63m⠋[38;2;54;55;55m⣀[0m[38;2;20;20;20;48;2;61;61;60m╸[38;2;43;44;46;48;2;66;67;66m⢀[0m[38;2;48;48;50m┛[0m           [0m
                [38;2;52;49;50m⣀[38;2;82;81;81m┎[7m[38;2;57;56;55m⠛[38;2;77;71;72m⠃[0m[38;2;34;36;35;48;2;73;72;72m⠠[38;2;71;71;71;48;2;52;52;52m╿[0m[7m[38;2;50;50;50m⠈[38;2;60;59;60m⠋[38;2;56;56;58m┎[0m[38;2;55;58;57m⠁[0m            [0m
            [38;2;58;56;58m⢀[38;2;57;57;56m⣀[38;2;45;45;46m┎[38;2;47;45;46m┷[38;2;85;87;87;48;2;52;53;52m⠊[38;2;55;56;54;48;2;63;64;63m⡊[38;2;52;52;56;48;2;71;72;72m╺[38;2;24;21;24;48;2;65;61;61m⠐[0m[7m[38;2;44;43;44m┙[0m[38;2;25;24;25;48;2;49;48;50m╹[38;2;60;60;61;48;2;47;47;48m⣈[38;2;58;57;60;48;2;43;42;45m╸[38;2;38;37;42;48;2;54;53;58m┓[0m[7m[38;2;44;43;47m⠙[0m[38;2;58;54;61m⡀[0m           [0m
           [38;2;96;97;93m╺[38;2;108;108;104;48;2;78;78;78m╸[38;2;72;74;73;48;2;64;63;63m⠋[38;2;31;29;31;48;2;53;53;53m⠈[38;2;29;27;27;48;2;47;46;41m⠋[38;2;36;39;43;48;2;43;47;49m⢁[38;2;29;28;29;48;2;40;40;40m┎[38;2;29;27;24;48;2;57;52;49m╸[0m[7m[38;2;51;51;51m⢀[38;2;38;38;38m┎[0m[38;2;57;56;54m┻[7m[38;2;39;39;38m⡀[0m[38;2;53;50;51;48;2;41;40;40m⢀[38;2;50;50;50;48;2;43;42;44m╻[38;2;30;29;32;48;2;40;40;43m⢈[0m[7m[38;2;35;34;37m⠈[0m[38;2;46;44;47m⡀[0m          [0m
         [38;2;133;132;133m⢀[7m[38;2;102;101;102m┛[38;2;123;123;122m⠉[0m[38;2;104;104;103;48;2;80;79;78m━[38;2;83;81;79;48;2;74;74;73m⠊[38;2;34;32;35;48;2;63;63;63m⠐[0m[7m[38;2;38;37;38m⠒[0m[38;2;43;41;44;48;2;23;22;23m┺[0m[7m[38;2;29;29;28m⢁[0m[38;2;42;42;40m⠋[0m     [38;2;47;45;46m⠉[7m[38;2;37;37;37m┒[0m[38;2;76;71;73;48;2;46;44;45m⡀[0m[7m[38;2;30;29;31m⠈[0m[38;2;26;24;27m┒[0m         [0m
       [38;2;128;127;126m⢀[7m[38;2;128;128;126m⠋[0m[38;2;182;184;179;48;2;217;219;217m⠄[38;2;159;164;153;48;2;200;203;201m⢀[38;2;175;175;171;48;2;111;113;113m⠁[0m[7m[38;2;65;65;65m⢀[38;2;51;50;50m⣀[0m[38;2;57;56;58m━[38;2;169;169;171m┎[7m[38;2;139;138;142m⠋[38;2;159;158;162m⠉[38;2;155;154;158m⠉[38;2;127;129;132m⠉[38;2;108;109;113m⠉[38;2;128;127;130m⠙[0m[38;2;174;173;175m┒[38;2;126;125;129m⣀[0m  [38;2;87;83;83m┕[38;2;91;89;86;48;2;63;60;60m┒[38;2;54;51;52;48;2;40;39;41m⡀[0m[7m[38;2;36;35;39m⠈[0m[38;2;32;32;34m┒[0m       [0m
    [38;2;172;171;171m⣀[38;2;145;144;144m┎[7m[38;2;136;137;135m⠉[0m[38;2;194;196;195;48;2;172;174;173m⢀[38;2;192;193;193;48;2;173;174;176m⠁[38;2;203;203;203;48;2;147;145;147m⠁[0m[7m[38;2;52;50;50m┲[0m[38;2;60;58;57m⠁[0m [38;2;206;204;205m┎[7m[38;2;224;222;221m⠁[0m[38;2;227;227;226;48;2;213;213;213m╸[38;2;203;204;200;48;2;189;189;188m┎[38;2;199;199;201;48;2;184;184;187m┰[38;2;150;149;154;48;2;179;179;181m⠈[38;2;95;98;101;48;2;173;173;175m⠈[38;2;123;126;127;48;2;162;163;164m⡏[38;2;130;130;133;48;2;183;182;183m⠁[38;2;171;170;171;48;2;181;180;181m╏[38;2;187;185;186;48;2;168;167;169m⣀[0m[7m[38;2;147;147;149m⠈[0m[38;2;156;157;161m⡀[38;2;71;71;71m⠸[38;2;72;72;73;48;2;84;85;85m┕[38;2;82;82;81;48;2;69;68;67m┑[38;2;66;64;62;48;2;48;48;47m⡀[38;2;45;44;49;48;2;43;42;46m┻[0m[7m[38;2;35;34;38m⠘[0m[38;2;38;35;39m⡀[0m     [0m
 [38;2;195;193;191m⢀[38;2;197;197;192m┲[7m[38;2;210;212;211m⠁[0m[38;2;216;221;223;48;2;187;190;192m⠄[0m[7m[38;2;130;131;132m⢠[0m[38;2;153;152;151m⠋[38;2;128;127;125m⠁[0m    [7m[38;2;168;167;167m┛[0m[38;2;227;227;227;48;2;243;243;243m╻[38;2;218;217;218;48;2;241;241;240m┍[38;2;219;219;218;48;2;234;233;232m⢈[38;2;194;193;194;48;2;219;217;216m⢀[38;2;179;177;178;48;2;208;207;207m┃[38;2;189;189;184;48;2;213;212;209m⢀[38;2;171;169;167;48;2;206;202;200m⠜[38;2;176;173;166;48;2;199;195;194m⠆[38;2;197;193;192;48;2;216;214;213m⠉[38;2;226;225;226;48;2;195;194;193m⠄[38;2;188;188;189;48;2;202;202;202m╸[38;2;167;167;170;48;2;185;186;185m╻[38;2;91;90;91;48;2;155;156;157m⠈[0m [38;2;92;90;93;48;2;79;79;82m⠂[38;2;56;56;61;48;2;62;61;65m⢀[38;2;97;96;95;48;2;68;67;67m╲[38;2;57;54;54;48;2;46;44;44m⣀[38;2;43;42;45;48;2;34;34;36m⡈[38;2;47;46;51;48;2;40;39;43m⠁[0m[38;2;46;44;47m┓[0m    [0m
[7m[38;2;188;186;185m⠁[0m[38;2;195;194;193;48;2;215;214;213m⢀[0m[7m[38;2;164;163;161m┎[0m[38;2;209;206;202m⠋[38;2;153;150;148m⠁[0m      [38;2;218;216;221m┏[38;2;206;206;208;48;2;221;221;223m╽[38;2;230;230;233;48;2;216;216;218m┞[38;2;189;190;191;48;2;217;218;219m╽[38;2;232;232;232;48;2;229;229;230m⠐[38;2;206;203;204;48;2;216;215;216m⠈[38;2;154;151;151;48;2;174;172;172m┣[38;2;128;106;102;48;2;165;155;155m┎[38;2;118;113;117;48;2;167;156;156m╻[38;2;184;167;163;48;2;165;156;154m┒[38;2;142;135;132;48;2;180;178;179m⡀[38;2;145;144;145;48;2;169;168;169m╳[38;2;127;128;130;48;2;170;169;171m⢀[38;2;139;142;146;48;2;168;170;173m⢀[38;2;133;137;141;48;2;151;154;159m┪[0m[38;2;141;142;145m╸[7m[38;2;60;61;64m╸[0m[38;2;71;72;76;48;2;61;62;66m⡃[38;2;85;83;85;48;2;60;60;63m⢈[38;2;84;82;82;48;2;59;58;59m⠕[38;2;59;57;60;48;2;40;39;43m⠂[38;2;33;32;37;48;2;31;29;35m⠉[38;2;45;45;49;48;2;34;33;38m⠘[0m[7m[38;2;26;26;28m┕[0m   [0m
[38;2;216;216;216m⠋[38;2;125;123;124m⠁[0m        [38;2;176;176;175m⢀[38;2;216;214;215;48;2;198;199;200m⠁[38;2;205;207;210;48;2;177;179;182m┃[38;2;166;166;167;48;2;183;182;185m┍[38;2;167;168;169;48;2;192;192;192m⠣[38;2;194;194;198;48;2;204;203;207m┒[38;2;178;178;178;48;2;188;189;190m╁[38;2;151;146;140;48;2;174;164;158m⠆[38;2;166;148;142;48;2;191;176;170m⡈[38;2;166;156;152;48;2;205;190;188m⠉[38;2;174;164;162;48;2;208;198;195m╺[38;2;150;143;141;48;2;177;167;165m⠛[38;2;110;104;106;48;2;142;134;134m⠜[38;2;141;121;122;48;2;147;135;137m╺[38;2;135;136;142;48;2;150;150;155m┙[38;2;131;131;136;48;2;142;142;146m⠄[0m[7m[38;2;141;137;136m┗[0m[38;2;219;215;211;48;2;104;105;106m⡀[38;2;85;86;90;48;2;65;66;68m⠚[38;2;74;75;79;48;2;50;50;54m⠉[38;2;56;55;59;48;2;37;36;41m⠁[38;2;27;26;31;48;2;31;30;35m┎[0m[7m[38;2;25;24;27m⢀[38;2;18;17;20m┏[0m[38;2;37;35;38m⠁[0m   [0m
         [38;2;179;177;184m⢀[7m[38;2;182;183;187m⠁[0m[38;2;160;161;161;48;2;189;190;192m╽[38;2;212;212;205;48;2;196;197;194m⢀[38;2;173;176;175;48;2;199;201;199m⡁[38;2;153;154;158;48;2;199;200;202m⡄[38;2;217;214;213;48;2;196;196;195m⠒[38;2;148;147;147;48;2;187;187;189m╺[38;2;141;140;142;48;2;163;161;162m⠳[38;2;155;147;145;48;2;180;168;164m┒[38;2;187;177;171;48;2;204;193;190m⡀[38;2;179;161;156;48;2;204;193;191m┬[38;2;166;137;134;48;2;187;167;164m╻[38;2;78;87;86;48;2;167;153;150m⢀[38;2;140;124;124;48;2;102;101;101m⠃[38;2;220;214;212;48;2;125;123;122m╺[38;2;181;172;173;48;2;214;205;203m⠁[38;2;195;184;182;48;2;213;202;200m⢀[38;2;187;184;182;48;2;74;72;73m⠃[38;2;46;45;49;48;2;31;30;34m⠋[38;2;40;40;43;48;2;28;27;31m⠁[0m[7m[38;2;20;19;20m⣀[0m[38;2;29;27;31m⠋[0m      [0m
         [38;2;220;216;217m⢀[7m[38;2;187;185;188m⢀[0m[38;2;148;149;153;48;2;180;182;186m┛[38;2;174;174;175;48;2;197;199;200m⣠[38;2;145;146;147;48;2;177;178;179m⢡[38;2;145;145;147;48;2;163;163;165m⢅[38;2;144;144;147;48;2;163;163;164m╾[38;2;126;126;124;48;2;173;174;174m⣀[38;2;181;185;184;48;2;154;155;153m┻[38;2;197;195;193;48;2;171;169;169m⢁[38;2;164;161;158;48;2;190;187;184m┛[38;2;169;165;160;48;2;218;210;207m⠋[38;2;213;208;203;48;2;228;220;216m⢀[38;2;109;103;96;48;2;184;178;174m⠨[38;2;73;71;64;48;2;164;158;153m⠙[38;2;76;71;65;48;2;37;37;36m⡀[38;2;144;138;135;48;2;40;40;39m⠘[38;2;183;169;168;48;2;135;119;117m⠁[38;2;29;27;28;48;2;51;48;50m┻[38;2;48;47;48;48;2;26;26;27m┙[0m[38;2;22;20;20m⠁[0m        [0m
        [38;2;176;175;176m┎[38;2;152;151;152m┛[38;2;107;106;107m⢀[38;2;157;159;167;48;2;184;185;186m⠁[38;2;143;143;143;48;2;179;179;179m⠠[38;2;198;197;197;48;2;186;184;184m┱[38;2;156;154;155;48;2;176;175;175m⠌[38;2;140;140;140;48;2;168;168;170m⣀[38;2;154;151;152;48;2;195;188;184m┛[38;2;138;135;132;48;2;229;219;212m⠁[38;2;186;181;179;48;2;202;196;194m┶[38;2;185;179;183;48;2;224;216;213m⠁[38;2;158;150;147;48;2;206;197;194m⢀[38;2;118;114;110;48;2;184;176;173m╺[38;2;133;127;124;48;2;179;167;165m⠃[38;2;123;114;109;48;2;177;163;160m⢀[38;2;27;24;20;48;2;121;113;113m⠘[38;2;138;139;140;48;2;59;61;62m╺[38;2;71;66;67;48;2;155;147;146m⢁[38;2;193;178;175;48;2;113;107;106m⠄[0m[38;2;72;69;73m⢁[0m         [0m
       [38;2;165;163;164m╱[38;2;197;195;196m⠁[0m [7m[38;2;141;141;140m⠇[0m[38;2;175;175;174;48;2;197;197;195m⢃[38;2;165;166;166;48;2;206;205;207m╸[38;2;171;172;174;48;2;212;213;212m⢀[38;2;151;151;150;48;2;197;197;196m╶[38;2;116;114;110;48;2;171;168;166m⠘[38;2;136;128;122;48;2;210;199;191m╾[38;2;147;143;141;48;2;206;199;195m╍[38;2;128;126;119;48;2;184;178;173m⠐[38;2;108;104;102;48;2;168;163;161m┓[38;2;129;124;122;48;2;191;182;179m⠁[38;2;148;128;124;48;2;186;172;168m⢀[38;2;142;130;129;48;2;167;153;149m╾[38;2;98;95;98;48;2;149;149;151m⡉[38;2;178;176;178;48;2;141;142;146m⣀[38;2;157;154;157;48;2;114;114;117m┳[38;2;162;153;153;48;2;87;85;87m╸[0m[7m[38;2;68;67;71m─[0m          [0m
      [7m[38;2;156;154;153m⠃[0m[38;2;177;175;176m⠃[38;2;208;201;205m⢀[7m[38;2;158;158;158m⠋[0m[38;2;199;201;201;48;2;227;228;226m⢀[38;2;198;199;197;48;2;219;218;216m⠊[38;2;161;160;163;48;2;195;195;195m╹[38;2;162;162;162;48;2;188;188;187m╻[38;2;153;153;158;48;2;177;176;178m╺[38;2;108;107;110;48;2;158;156;158m┌[38;2;148;141;145;48;2;188;176;172m⠃[38;2;161;150;147;48;2;211;198;192m⠒[38;2;182;172;171;48;2;208;197;195m⠁[38;2;92;87;86;48;2;173;165;163m╹[38;2;208;197;194;48;2;192;183;180m⠁[38;2;200;187;179;48;2;190;176;170m⢀[38;2;71;66;66;48;2;169;157;153m⢀[38;2;132;139;134;48;2;48;50;51m⠈[38;2;78;82;82;48;2;156;157;156m⡀[38;2;130;130;132;48;2;171;171;173m⡊[38;2;193;194;197;48;2;104;105;109m┒[38;2;40;45;50;48;2;57;61;66m┎[38;2;83;86;92;48;2;53;55;60m⠛[38;2;78;79;83;48;2;50;51;56m⠛[0m[7m[38;2;37;37;41m⠉[0m[38;2;30;29;33m┒[0m      [0m
  [38;2;113;112;113m⠐[38;2;171;170;171m⠒[38;2;144;141;143m⠒[7m[38;2;159;157;159m╸[0m[38;2;248;248;246;48;2;214;213;213m⠄[0m[38;2;124;123;124m⢀[7m[38;2;170;170;171m⠋[0m[38;2;164;163;160;48;2;210;212;212m⢀[38;2;181;181;179;48;2;218;220;220m┛[38;2;221;219;219;48;2;209;207;206m┛[38;2;105;106;106;48;2;161;161;161m⢀[38;2;127;128;130;48;2;149;149;153m┙[38;2;202;201;200;48;2;157;157;161m⠙[38;2;118;120;124;48;2;155;155;158m┗[38;2;178;163;156;48;2;117;114;117m⠘[38;2;194;183;177;48;2;179;165;159m⠁[38;2;202;188;187;48;2;190;176;171m⠙[38;2;169;156;153;48;2;192;181;177m⢀[38;2;174;166;163;48;2;110;105;104m┙[38;2;69;67;70;48;2;131;126;125m┲[38;2;124;121;117;48;2;61;60;61m⠁[38;2;50;49;54;48;2;56;55;57m⠁[38;2;149;149;153;48;2;102;102;106m┡[38;2;85;85;86;48;2;125;127;128m┍[38;2;220;220;219;48;2;179;180;180m⠁[38;2;96;101;104;48;2;48;49;52m⡀[38;2;30;30;33;48;2;31;32;36m⢁[38;2;26;26;30;48;2;28;28;32m┍[38;2;30;29;34;48;2;26;25;30m⠙[38;2;41;41;47;48;2;33;34;38m⢸[0m      [0m
     [7m[38;2;144;142;143m┛[0m[38;2;150;150;152;48;2;173;172;173m⢐[0m[7m[38;2;170;169;173m⠁[0m[38;2;147;149;151;48;2;170;170;171m⠃[38;2;197;198;198;48;2;182;182;183m┗[38;2;161;161;162;48;2;189;189;191m┲[38;2;223;221;222;48;2;163;163;166m⠁[38;2;141;140;143;48;2;165;164;164m⡙[38;2;144;144;148;48;2;178;178;178m⠉[38;2;169;169;171;48;2;139;139;143m┛[38;2;184;183;186;48;2;127;128;134m⠈[38;2;139;141;145;48;2;118;121;127m┓[38;2;182;168;161;48;2;106;106;113m⠈[38;2;52;49;49;48;2;129;118;116m⣠[38;2;160;146;144;48;2;39;36;38m⠁[38;2;21;20;22;48;2;28;27;31m╻[38;2;43;44;47;48;2;36;37;41m⠙[38;2;73;74;77;48;2;50;51;54m⠙[38;2;80;78;81;48;2;56;55;58m⢁[38;2;140;140;141;48;2;67;67;68m╹[38;2;136;135;140;48;2;78;79;83m⡇[38;2;140;142;145;48;2;81;83;86m⢸[38;2;104;106;108;48;2;57;57;61m⡇[38;2;29;28;33;48;2;25;24;29m⠋[38;2;25;24;29;48;2;22;21;26m⠋[38;2;20;19;24;48;2;21;21;25m⠁[38;2;31;34;38;48;2;29;31;35m┠[0m      [0m
 [38;2;139;138;140m╺[38;2;156;156;158m⠊[38;2;164;162;164m⢁[38;2;197;197;195m┲[7m[38;2;128;128;128m⣁[0m[38;2;152;152;152;48;2;173;172;173m⠰[0m[7m[38;2;173;173;174m⢀[0m[38;2;181;180;182m⠋[38;2;128;124;130m⠁[38;2;153;150;155;48;2;183;183;182m⠂[38;2;136;136;140;48;2;161;160;163m⢄[38;2;208;208;211;48;2;189;189;191m╍[38;2;140;142;146;48;2;184;185;186m┏[38;2;101;102;108;48;2;125;127;132m⠋[38;2;131;134;141;48;2;127;130;137m┨[38;2;176;176;181;48;2;130;131;137m┃[38;2;104;104;114;48;2;128;131;141m⠘[38;2;95;97;108;48;2;115;117;127m┗[38;2;97;96;101;48;2;30;30;32m⡄[0m[7m[38;2;17;17;18m⡀[0m[38;2;23;22;27;48;2;27;26;31m┻[38;2;35;37;41;48;2;31;31;36m┗[38;2;57;57;59;48;2;45;45;50m⠈[38;2;36;39;41;48;2;54;55;55m┰[38;2;129;131;131;48;2;75;76;76m┗[38;2;137;137;137;48;2;72;73;75m⡀[38;2;113;111;116;48;2;54;53;58m⠁[38;2;22;23;27;48;2;30;31;35m⠏[38;2;30;33;36;48;2;23;25;29m╸[38;2;16;19;22;48;2;23;24;28m╍[38;2;45;46;50;48;2;26;28;32m⠈[0m[7m[38;2;29;29;32m⠘[0m     [0m
  [7m[38;2;136;135;136m⠋[38;2;132;131;132m┎[0m[38;2;197;195;196m⠁[0m [7m[38;2;127;125;127m⢀[0m[38;2;145;141;147m⠉[38;2;101;98;102m⢂[7m[38;2;149;150;151m⠃[0m[38;2;208;208;207;48;2;179;179;179m⠃[38;2;142;142;142;48;2;170;170;170m╱[38;2;132;133;132;48;2;156;158;157m⢆[38;2;143;146;151;48;2;124;127;130m╺[38;2;122;124;129;48;2;130;133;138m┐[38;2;143;147;151;48;2;133;136;140m⠇[38;2;165;167;170;48;2;135;138;142m⠋[38;2;118;121;126;48;2;132;135;141m⢄[38;2;151;154;159;48;2;139;142;149m⢀[0m[7m[38;2;104;106;110m⠘[0m [38;2;36;34;38m⠈[7m[38;2;24;24;27m┒[0m[38;2;36;36;40;48;2;37;36;41m⠄[38;2;48;47;52;48;2;39;39;44m⢀[38;2;44;44;48;48;2;56;56;59m┳[38;2;116;116;119;48;2;70;70;71m⠉[38;2;113;112;117;48;2;60;59;63m⠂[38;2;75;75;79;48;2;43;44;48m╾[38;2;38;39;43;48;2;30;32;36m⡀[38;2;18;17;22;48;2;24;25;29m⠐[38;2;19;18;23;48;2;22;23;27m╸[38;2;35;34;39;48;2;27;27;31m⠈[0m[38;2;29;28;30m⡆[0m    [0m
 [38;2;179;178;179m┍[7m[38;2;116;116;116m┏[0m  [38;2;106;101;106m┃[38;2;137;134;137m⠃[38;2;189;191;192m┎[7m[38;2;173;175;176m⠁[0m[38;2;226;225;220;48;2;191;191;189m┎[38;2;209;205;205;48;2;197;195;195m┓[38;2;128;133;134;48;2;163;164;166m┍[38;2;135;135;134;48;2;116;118;122m⠈[38;2;117;118;124;48;2;150;151;154m⡈[38;2;130;130;135;48;2;161;162;163m╹[38;2;119;121;126;48;2;149;151;153m╹[38;2;151;153;158;48;2;135;137;142m┏[38;2;130;132;139;48;2;140;140;147m┻[38;2;152;156;160;48;2;142;144;149m⠨[0m[7m[38;2;132;133;137m⠘[0m   [7m[38;2;33;32;34m┓[0m[38;2;64;64;67;48;2;40;39;42m╵[38;2;69;68;73;48;2;47;47;50m⠈[38;2;81;81;79;48;2;57;56;57m⢉[38;2;67;67;70;48;2;50;50;51m⠋[38;2;65;65;69;48;2;49;48;52m⠉[38;2;52;51;56;48;2;42;41;46m⠃[38;2;29;31;35;48;2;35;36;40m⠙[38;2;28;31;35;48;2;26;28;32m┓[38;2;23;23;28;48;2;25;27;31m⠙[0m[7m[38;2;22;23;24m┕[0m    [0m
 [7m[38;2;141;140;142m⠁[0m  [38;2;137;133;136m⢀[38;2;186;184;188m┏[7m[38;2;194;196;198m⠁[0m[38;2;201;207;211;48;2;157;159;163m⠋[38;2;150;149;151;48;2;179;179;182m⠃[38;2;155;157;159;48;2;194;194;197m⡀[38;2;137;139;140;48;2;169;170;171m⢢[38;2;166;170;174;48;2;133;136;140m⢀[38;2;172;175;180;48;2;138;140;144m⡄[38;2;215;218;215;48;2;159;160;162m┎[38;2;183;184;186;48;2;165;165;165m┪[38;2;129;131;140;48;2;140;142;147m┰[38;2;190;191;189;48;2;140;143;150m⠉[38;2;188;188;191;48;2;141;144;151m⠉[38;2;118;121;126;48;2;146;148;153m⢀[38;2;87;87;90;48;2;140;141;146m╺[0m[38;2;120;116;120m┗[38;2;167;163;164m╴[0m  [7m[38;2;36;35;37m╸[0m[38;2;160;148;147;48;2;57;55;57m⢀[38;2;106;97;96;48;2;159;147;145m━[38;2;181;167;165;48;2;110;104;104m┒[38;2;175;165;162;48;2;64;61;64m⡀[38;2;47;46;51;48;2;43;43;47m⠂[38;2;32;31;36;48;2;39;38;43m⣈[38;2;35;35;40;48;2;29;29;34m━[38;2;34;34;39;48;2;28;28;32m⢄[38;2;51;53;57;48;2;42;44;48m⣀[0m[38;2;54;54;55m┓[0m   [0m
 [7m[38;2;116;114;116m╸[0m[38;2;173;172;172m╶[7m[38;2;142;142;143m⠏[38;2;200;200;201m⠈[0m[38;2;114;115;120;48;2;188;189;190m⢀[38;2;161;165;168;48;2;144;148;153m⠁[38;2;121;124;128;48;2;138;141;145m⠴[38;2;150;149;154;48;2;172;172;173m⠙[38;2;212;213;210;48;2;193;194;194m┛[38;2;161;163;166;48;2;135;138;141m⢗[38;2;175;179;182;48;2;133;136;140m╹[38;2;106;110;113;48;2;184;184;185m⠃[38;2;154;155;153;48;2;179;181;180m╺[38;2;116;118;122;48;2;148;150;154m┎[38;2;116;119;126;48;2;134;138;144m⠙[38;2;121;125;130;48;2;144;147;152m⢀[38;2;82;83;86;48;2;128;130;134m⢀[0m[7m[38;2;91;91;94m┓[0m[38;2;163;167;171;48;2;156;158;163m⢀[0m[38;2;156;152;159m⡀[0m  [7m[38;2;23;22;23m┛[0m[38;2;65;65;64;48;2;47;47;47m┍[38;2;80;76;72;48;2;151;140;135m⣃[38;2;93;89;88;48;2;182;170;165m⣀[38;2;92;86;84;48;2;191;180;175m⣀[38;2;79;71;68;48;2;177;165;158m⣀[38;2;126;116;115;48;2;71;67;67m┒[38;2;56;60;62;48;2;45;46;47m╾[38;2;65;70;71;48;2;42;43;44m⡀[38;2;48;48;51;48;2;38;37;40m⣡[38;2;178;157;155;48;2;64;60;62m⢀[38;2;53;57;58;48;2;59;59;62m⠈[0m   [0m
  [7m[38;2;167;166;167m⠂[0m[38;2;141;140;141;48;2;173;175;174m⡄[38;2;206;211;209;48;2;179;183;183m⠁[38;2;212;213;212;48;2;129;132;136m⠁[38;2;118;123;127;48;2;133;137;141m⢀[38;2;109;112;118;48;2;127;129;134m⠖[38;2;119;117;124;48;2;162;163;164m⡀[38;2;118;118;118;48;2;167;167;168m⢀[38;2;127;129;131;48;2;146;147;148m⠫[38;2;131;131;132;48;2;156;157;158m┃[38;2;193;193;195;48;2;174;174;174m⠃[38;2;219;220;213;48;2;186;186;183m┃[38;2;159;160;161;48;2;123;125;129m⠁[38;2;118;121;126;48;2;133;136;141m┏[38;2;155;153;161;48;2;137;139;144m⢀[0m[38;2;105;104;108m⠃[0m [7m[38;2;105;104;108m⣠[0m[38;2;139;137;144m╸[38;2;44;44;48m⢀[7m[38;2;40;41;44m⠋[0m[38;2;52;56;57;48;2;39;41;44m⢀[38;2;83;74;73;48;2;132;120;117m┛[38;2;206;195;190;48;2;185;172;168m⢀[38;2;191;180;178;48;2;206;196;194m⠛[38;2;216;206;204;48;2;220;210;207m⠂[38;2;184;172;169;48;2;210;198;193m⠈[38;2;119;109;106;48;2;195;181;175m⠈[38;2;173;162;158;48;2;92;86;85m┓[38;2;61;63;67;48;2;38;37;41m⠉[38;2;51;51;51;48;2;39;39;41m╵[38;2;169;155;151;48;2;87;82;80m⢘[38;2;81;74;74;48;2;154;137;133m⡈[0m[7m[38;2;65;62;62m⠘[0m  [0m
 [38;2;145;144;147m⢸[7m[38;2;153;154;154m⢀[0m[38;2;145;143;144;48;2;164;162;163m┛[38;2;104;104;108;48;2;145;145;147m⢸[38;2;110;113;118;48;2;121;124;128m⠁[0m[7m[38;2;95;96;100m┎[0m[38;2;105;103;107m⡏[38;2;161;160;163m⢘[38;2;158;158;157;48;2;183;184;183m⠉[38;2;142;142;142;48;2;166;166;165m┛[38;2;179;178;177;48;2;162;161;160m│[38;2;193;194;193;48;2;180;180;179m┝[38;2;182;179;174;48;2;213;213;212m⠘[38;2;149;151;151;48;2;126;128;130m⡈[38;2;117;120;125;48;2;129;132;137m⠁[0m[7m[38;2;109;111;116m⢀[0m   [7m[38;2;50;49;53m⠛[0m[38;2;37;37;41;48;2;64;68;71m⠁[38;2;57;59;61;48;2;49;50;53m⠇[38;2;68;66;65;48;2;47;46;48m╱[38;2;154;140;135;48;2;71;66;66m⠛[38;2;167;155;152;48;2;82;80;82m⠛[38;2;217;208;204;48;2;100;98;98m⠉[38;2;194;189;184;48;2;108;106;105m⠛[38;2;84;83;83;48;2;148;142;139m┱[38;2;67;65;66;48;2;146;139;137m┰[38;2;190;178;176;48;2;114;106;107m┻[38;2;118;113;113;48;2;57;56;57m╸[38;2;58;52;54;48;2;44;42;44m⣀[38;2;183;173;167;48;2;106;99;97m┏[38;2;83;75;71;48;2;149;135;131m┗[38;2;65;63;59;48;2;102;95;95m╷[0m[7m[38;2;64;64;66m⠘[0m [0m
 [38;2;136;134;136m⢸[38;2;114;113;115m⠁[38;2;203;203;200;48;2;181;181;179m⠂[38;2;124;124;129;48;2;159;159;159m⠸[0m[38;2;86;86;90m┛[0m [38;2;140;137;140m⠘[38;2;97;96;98;48;2;176;176;176m⠁[38;2;210;213;212;48;2;159;160;161m⠈[38;2;147;146;147;48;2;181;181;182m╺[38;2;204;205;200;48;2;159;159;160m⠘[38;2;164;163;166;48;2;178;179;180m⢢[38;2;176;175;177;48;2;193;193;195m⡔[38;2;118;119;121;48;2;159;160;160m┕[38;2;115;119;123;48;2;123;125;130m⢰[38;2;89;89;91;48;2;125;126;130m⠈[0m  [38;2;56;51;57m⠊[38;2;87;87;93;48;2;72;74;77m⠄[38;2;56;59;63;48;2;43;47;49m⠏[38;2;60;60;64;48;2;46;49;52m⢸[38;2;76;76;72;48;2;32;32;33m⠁[38;2;39;39;44;48;2;36;35;40m╺[38;2;49;49;53;48;2;42;43;47m┗[38;2;55;56;58;48;2;50;51;54m┻[38;2;91;92;95;48;2;66;66;70m┕[38;2;92;90;88;48;2;75;75;73m╸[38;2;66;65;69;48;2;57;56;60m╸[38;2;38;37;42;48;2;42;41;46m⢰[38;2;85;90;92;48;2;28;28;33m⠈[38;2;22;23;25;48;2;53;52;55m┱[38;2;109;107;105;48;2;47;47;45m⠎[38;2;147;137;136;48;2;37;36;38m⠉[0m[7m[38;2;47;45;45m⠸[0m[38;2;75;74;78m⠉[0m [0m
 [38;2;115;111;114m⠘[38;2;91;87;91m⠁[7m[38;2;127;128;130m┓[0m[38;2;154;154;152;48;2;175;174;174m╺[0m[38;2;130;129;129m╸[0m [38;2;126;126;127m⢰[38;2;186;185;182;48;2;203;203;201m⠙[38;2;122;123;125;48;2;157;157;157m╻[38;2;195;195;195;48;2;160;160;160m⠈[38;2;124;126;125;48;2;164;165;164m┌[38;2;165;167;167;48;2;145;147;149m╅[38;2;127;129;131;48;2;162;162;164m⡠[38;2;156;156;156;48;2;172;172;172m⡀[38;2;178;178;180;48;2;138;139;141m⠄[0m[38;2;127;126;131m⠙[38;2;134;135;139m┑[38;2;72;67;70m╵[0m [7m[38;2;20;20;22m⠃[0m[38;2;42;43;47;48;2;26;26;30m⠘[38;2;39;39;44;48;2;31;31;35m┩[38;2;8;8;8;48;2;20;20;20m⡆[38;2;27;27;29;48;2;30;29;32m┓[38;2;43;43;47;48;2;38;38;42m┍[38;2;40;39;44;48;2;50;52;55m⠋[38;2;53;55;58;48;2;68;70;72m⠋[38;2;75;75;74;48;2;63;62;62m╸[38;2;48;47;51;48;2;51;51;54m⢈[38;2;31;31;35;48;2;36;35;40m┍[38;2;13;12;17;48;2;21;20;25m┏[38;2;11;11;12;48;2;15;15;18m⣀[38;2;3;3;3;48;2;14;14;15m⠈[38;2;27;27;32;48;2;23;22;25m┕[38;2;67;67;65;48;2;51;50;54m⢀[0m  [0m
    [38;2;152;150;151m┗[7m[38;2;128;127;128m⠈[0m[38;2;139;137;138m╻[0m [38;2;100;98;99;48;2;172;173;176m⡀[38;2;164;165;167;48;2;137;137;140m⡈[38;2;142;143;148;48;2;158;160;162m┒[38;2;123;122;123;48;2;176;177;176m⠘[38;2;152;153;155;48;2;131;132;135m┕[38;2;151;153;154;48;2;160;162;162m╎[38;2;118;118;118;48;2;159;160;160m⢀[38;2;144;144;142;48;2;161;160;160m⡀[0m[7m[38;2;93;92;95m┗[0m [38;2;130;126;129m⠁[0m [38;2;30;29;34;48;2;27;26;30m⠂[38;2;24;23;28;48;2;22;21;26m⠈[38;2;26;25;30;48;2;23;22;27m⠁[38;2;19;19;22;48;2;24;24;28m╵[38;2;32;31;36;48;2;29;28;31m┌[38;2;37;36;41;48;2;41;42;46m⡃[38;2;57;61;62;48;2;49;53;55m⢈[38;2;79;81;87;48;2;62;64;68m┎[38;2;67;67;64;48;2;84;83;82m⠙[38;2;188;182;178;48;2;82;79;80m⢀[38;2;45;44;47;48;2;158;151;151m⠋[38;2;27;27;31;48;2;164;155;154m⠉[38;2;15;17;17;48;2;145;136;134m⠉[38;2;146;136;134;48;2;73;70;69m┓[38;2;26;25;30;48;2;20;20;22m⠘[38;2;33;35;37;48;2;48;49;49m╸[0m  [0m
      [38;2;149;149;149m⠉[38;2;113;110;112m┗[38;2;128;125;127m⠜[7m[38;2;142;141;142m⡀[38;2;92;91;95m┓[0m[38;2;159;162;168;48;2;136;139;142m⠁[38;2;116;119;121;48;2;151;153;155m⠘[38;2;147;146;150;48;2;123;124;129m⡙[38;2;114;118;122;48;2;142;144;146m┒[38;2;118;120;121;48;2;135;137;139m╲[38;2;130;135;136;48;2;143;146;148m┇[0m[7m[38;2;111;113;115m⠈[0m[38;2;117;118;122m┒[38;2;73;73;75m⡀[38;2;23;23;26;48;2;30;29;33m⢀[38;2;16;15;20;48;2;20;19;24m⢀[38;2;15;14;19m⡀[38;2;26;25;30;48;2;24;23;28m⠁[38;2;27;26;31;48;2;29;28;33m⡆[38;2;42;43;47;48;2;35;36;40m⠈[38;2;57;57;62;48;2;45;47;50m⢈[38;2;36;37;41;48;2;74;74;76m⠂[38;2;184;179;177;48;2;119;118;117m⣀[38;2;108;103;98;48;2;188;179;176m⠃[38;2;193;182;180;48;2;204;192;191m┎[38;2;187;176;174;48;2;197;187;186m┒[38;2;191;180;179;48;2;200;191;189m⡈[38;2;154;146;143;48;2;191;179;178m⠈[38;2;26;25;26;48;2;149;137;136m⠈[38;2;143;134;131;48;2;84;80;79m┒[0m  [0m
         [38;2;93;92;91m⠈[38;2;153;149;149m╲[38;2;84;83;85m⡜[7m[38;2;104;106;110m⡀[0m[38;2;114;118;121;48;2;140;141;144m┒[38;2;155;155;156;48;2;119;120;123m┱[38;2;103;104;104;48;2;140;141;141m⢠[38;2;143;146;149;48;2;120;123;127m⠣[38;2;159;161;163;48;2;125;126;130m⠑[38;2;154;155;156;48;2;129;129;132m⠄[0m[7m[38;2;102;101;105m┎[0m[38;2;86;87;89;48;2;46;46;48m┻[38;2;91;90;95;48;2;28;28;30m⡀[38;2;20;19;22;48;2;18;17;20m⣠[38;2;96;90;86;48;2;32;30;33m⢀[38;2;140;126;124;48;2;72;66;67m┎[38;2;39;38;41;48;2;144;132;130m⠋[38;2;84;83;84;48;2;193;181;176m⠉[38;2;188;177;172;48;2;213;201;194m⠈[38;2;209;198;195;48;2;214;203;200m━[38;2;177;167;165;48;2;201;192;190m╵[38;2;212;205;202;48;2;189;180;178m⣀[38;2;177;168;166;48;2;196;189;187m┻[38;2;187;177;176;48;2;203;193;191m⠃[38;2;198;188;186;48;2;201;191;189m⢸[38;2;162;146;146;48;2;186;173;171m⠘[38;2;188;175;176;48;2;157;145;144m⢀[0m  [0m
[?25h